Mach Virtual Memory Statistics: (page size of 4096 bytes)
    free   active   specul inactive throttle    wired  prgable   faults     copy    0fill reactive   purged file-backed anonymous cmprssed cmprssor  dcomprs   comprs  pageins  pageout  swapins swapouts
   10711   620042     5969   617833        0   501614   105361  139865K  2268044 75226262 32269231  2368862      411054    832790  1032674   340662 33495442 49552880  7605670   152629  5883375  6130685 
   10513   620279     5968   617968        0   501617   105620     2082        1     1987        0        0      411055    833160  1032631   340646       43        0        1        0        0        0 
   10511   622222     5969   620126        0   497405   109491      264        0      248        0        0      411056    837261  1032629   340646        2        0        0        0        0        0 
   10616   622444     5969   620121        0   497194   109703      121        0       98        0        0      411056    837478  1032629   340646        0        0        0        0        0        0 
   10305   622281     5969   620118        0   497407   109752      102        0      102        0        0      411056    837312  1032629   340646        0        0        0        0        0        0 
   10424   622410     5969   619943        0   497407   109752      209        1      176        0        0      411056    837266  1032625   340646        4        0        0        0        0        0 
   10545   622685     5969   619920        0   497197   109703      152        0      113        0        0      411056    837518  1032583   340630       22        0        0        0        0        0 
    7130   598155     5973   596088        0   548964    87300     3330        0     2837        0        0      411080    789136  1032519   340630       54        0        0        0        0        0 
   12106   597766     5931   596000        0   545689    90326     5801        0     1318        0      712      411119    788578  1025573   339442       33        0        0        0        0        0 
   11802   601842     5962   595575        0   542317    89917     2993        0     2701        0        0      411173    792206  1025547   339442       14        0        0        0        0        0 
    8227   597514     5987   595151        0   550721    88930     9615        1     6901        0        8      411263    787389  1025515   339438       21        0        2        0        0        0 
    8029   597792     5986   595590        0   550132    90034     1891        0     1679        0        0      411263    788105  1025513   339438        2        0        0        0        0        0 
    7960   603627     5994   597389        0   542435    95221      120        0      101        0        0      411272    795738  1025504   339438        8        0        0        0        0        0 
    8021   603611     5994   597452        0   542377    95532       36        0       35        0        0      411272    795785  1025504   339438        0        0        0        0        0        0 
    7994   603763     5994   597499        0   542162    95540       70        0       69        0        0      411272    795984  1025504   339438        0        0        0        0        0        0 
    8274   623763     5995   606354        0   513071   109171      685       17      252        0        0      411273    824839  1025496   339438        4        0        0        0        0        0 
    8939   640770     5995   608630        0   493104   110029       94        0       84        0        0      411273    844122  1025495   339438        1        0        0        0        0        0 
    9154   639677     6006   609384        0   493137   109393      251        0      211        0        0      411265    843802  1025477   339435       12        0       34        0        0        0 
    9225   639639     6007   609420        0   493137   109654       57        0       57        0        0      411266    843800  1025477   339435        0        0        0        0        0        0 
   13682   634233     6010   610280        0   493397   105230      245        0      239        0        0      411269    839254  1025477   339435        0        0        0        0        0        0 
   13513   633726     6012   610765        0   493397   105230      329        1      297        0        0      411270    839233  1025476   339435        1        0        0        0        0        0 

